[ 5.36580004e+00 -4.03745384e+01  3.02566925e+00  1.18006256e-01
 -4.00711567e+01  5.00917894e+00  2.00644551e-03  1.00251689e+01]

 [ 2.67160978e+00 -4.52517501e+01  3.06568535e+00  1.05412404e-01
 -4.23249041e+01  4.92991278e+00  1.98337926e-03  1.03336833e+01]

 [ 2.43868715e+00 -4.53119026e+01  3.04950281e+00 -1.34718345e+01
 -4.36061367e+01  3.00348699e+00  7.23243249e-04  9.56795498e+00] No

 [ 1.92702091e+00 -4.54191895e+01  1.79228642e+00  8.42792182e-02
 -4.36614491e+01  1.83464453e+00  1.99872619e-03  1.13336438e+01]

 [ 2.58700053e+00 -4.52435823e+01  2.98903965e+00  9.48355075e-02
 -4.49861123e+01  4.83148084e+00  2.25090486e-03  1.00045546e+01]
 
 [ 2.22424034e+00 -4.52736390e+01  2.99629879e+00  1.05321514e-01
 -4.20300906e+01  4.72459234e+00  2.00187083e-03  9.24025606e+00]